(kicad_pcb (version 20171130) (host pcbnew "(5.1.4)-1")

  (general
    (thickness 1.6)
    (drawings 16)
    (tracks 1899)
    (zones 0)
    (modules 63)
    (nets 90)
  )

  (page A4)
  (layers
    (0 F.Cu signal)
    (31 B.Cu signal)
    (32 B.Adhes user)
    (33 F.Adhes user)
    (34 B.Paste user)
    (35 F.Paste user)
    (36 B.SilkS user)
    (37 F.SilkS user)
    (38 B.Mask user)
    (39 F.Mask user)
    (40 Dwgs.User user)
    (41 Cmts.User user)
    (42 Eco1.User user)
    (43 Eco2.User user)
    (44 Edge.Cuts user)
    (45 Margin user)
    (46 B.CrtYd user)
    (47 F.CrtYd user)
    (48 B.Fab user)
    (49 F.Fab user)
  )

  (setup
    (last_trace_width 0.25)
    (user_trace_width 0.2)
    (trace_clearance 0.2)
    (zone_clearance 0.508)
    (zone_45_only no)
    (trace_min 0.2)
    (via_size 0.8)
    (via_drill 0.4)
    (via_min_size 0.4)
    (via_min_drill 0.3)
    (user_via 0.6 0.3)
    (uvia_size 0.3)
    (uvia_drill 0.1)
    (uvias_allowed no)
    (uvia_min_size 0.2)
    (uvia_min_drill 0.1)
    (edge_width 0.05)
    (segment_width 0.2)
    (pcb_text_width 0.3)
    (pcb_text_size 1.5 1.5)
    (mod_edge_width 0.12)
    (mod_text_size 1 1)
    (mod_text_width 0.15)
    (pad_size 1.524 1.524)
    (pad_drill 0.762)
    (pad_to_mask_clearance 0.051)
    (solder_mask_min_width 0.25)
    (aux_axis_origin 0 0)
    (visible_elements 7FFFFFFF)
    (pcbplotparams
      (layerselection 0x010fc_ffffffff)
      (usegerberextensions false)
      (usegerberattributes false)
      (usegerberadvancedattributes false)
      (creategerberjobfile false)
      (excludeedgelayer true)
      (linewidth 0.100000)
      (plotframeref false)
      (viasonmask false)
      (mode 1)
      (useauxorigin false)
      (hpglpennumber 1)
      (hpglpenspeed 20)
      (hpglpendiameter 15.000000)
      (psnegative false)
      (psa4output false)
      (plotreference true)
      (plotvalue true)
      (plotinvisibletext false)
      (padsonsilk false)
      (subtractmaskfromsilk false)
      (outputformat 1)
      (mirror false)
      (drillshape 1)
      (scaleselection 1)
      (outputdirectory ""))
  )

  (net 0 "")
  (net 1 AGND)
  (net 2 +1.8V)
  (net 3 +3V3)
  (net 4 "/MP3 Codec/MP3RST")
  (net 5 "Net-(C10-Pad1)")
  (net 6 "Net-(C12-Pad1)")
  (net 7 "Net-(C17-Pad1)")
  (net 8 "Net-(C18-Pad1)")
  (net 9 "Net-(C19-Pad1)")
  (net 10 "/MP3 Codec/L_OUT")
  (net 11 "Net-(C20-Pad1)")
  (net 12 "/MP3 Codec/R_OUT")
  (net 13 "Net-(C21-Pad1)")
  (net 14 +5V)
  (net 15 "/Buffer RAM/~HOLD/~SIO3")
  (net 16 "/Buffer RAM/SCK")
  (net 17 "/Buffer RAM/SI")
  (net 18 "/Buffer RAM/SIO2")
  (net 19 "/Buffer RAM/SO")
  (net 20 "/Buffer RAM/RAM-CS")
  (net 21 "/MP3 Codec/GPIO1")
  (net 22 "Net-(J3-Pad2)")
  (net 23 "/MP3 Codec/RIGHT")
  (net 24 "/MP3 Codec/LEFT")
  (net 25 "Net-(J4-Pad2)")
  (net 26 "Net-(J5-PadSN)")
  (net 27 "Net-(J5-PadRN)")
  (net 28 "Net-(J5-PadTN)")
  (net 29 /Control/D7)
  (net 30 "/WROOM Processor/SO")
  (net 31 "/WROOM Processor/SI")
  (net 32 "/WROOM Processor/SCK")
  (net 33 "/MP3 Codec/XCS")
  (net 34 /Control/EN)
  (net 35 "/MP3 Codec/DREQ")
  (net 36 /Control/D4)
  (net 37 "/MP3 Codec/XDCS")
  (net 38 "/WROOM Processor/IO15")
  (net 39 "/WROOM Processor/IO32")
  (net 40 "/WROOM Processor/IO14")
  (net 41 "/WROOM Processor/IO33")
  (net 42 "/WROOM Processor/IO13")
  (net 43 /Control/RS)
  (net 44 "/WROOM Processor/IO34")
  (net 45 /Control/D6)
  (net 46 "/WROOM Processor/IO35")
  (net 47 /Control/D5)
  (net 48 "/WROOM Processor/SENSOR_VN")
  (net 49 "/WROOM Processor/IO2")
  (net 50 "/WROOM Processor/SENSOR_VP")
  (net 51 "/WROOM Processor/IO0")
  (net 52 "/WROOM Processor/RXDO")
  (net 53 "Net-(J9-Pad2)")
  (net 54 "/WROOM Processor/TXD0")
  (net 55 "/MP3 Codec/SO")
  (net 56 "/MP3 Codec/SI")
  (net 57 "/MP3 Codec/SCK")
  (net 58 "/MP3 Codec/LROUT/GPIO4")
  (net 59 "/MP3 Codec/MCLK/GPIO5")
  (net 60 "/MP3 Codec/SCLK/GPIO6")
  (net 61 "/MP3 Codec/SDATA/GPIO7")
  (net 62 "/MP3 Codec/TX")
  (net 63 "/MP3 Codec/RX")
  (net 64 "/MP3 Codec/GPIO3")
  (net 65 "/MP3 Codec/GPIO2")
  (net 66 "/MP3 Codec/GPIO0")
  (net 67 "/MP3 Codec/MICN")
  (net 68 "/MP3 Codec/MICP/LINE1")
  (net 69 "/MP3 Codec/LINE2")
  (net 70 "/MP3 Codec/GBUF")
  (net 71 /Control/CONTROL)
  (net 72 /Control/RS_EXT)
  (net 73 /Control/D5_EXT)
  (net 74 /Control/D4_EXT)
  (net 75 /Control/EN_EXT)
  (net 76 /Control/D6_EXT)
  (net 77 /Control/D7_EXT)
  (net 78 /Control/CONTRAST)
  (net 79 "Net-(J17-Pad6)")
  (net 80 "Net-(J17-Pad2)")
  (net 81 "Net-(U2-Pad15)")
  (net 82 "Net-(U5-Pad32)")
  (net 83 "Net-(U5-Pad22)")
  (net 84 "Net-(U5-Pad21)")
  (net 85 "Net-(U5-Pad20)")
  (net 86 "Net-(U5-Pad19)")
  (net 87 "Net-(U5-Pad18)")
  (net 88 "Net-(U5-Pad17)")
  (net 89 +24V)

  (net_class Default "This is the default net class."
    (clearance 0.2)
    (trace_width 0.25)
    (via_dia 0.8)
    (via_drill 0.4)
    (uvia_dia 0.3)
    (uvia_drill 0.1)
    (add_net +1.8V)
    (add_net +3V3)
    (add_net /Control/CONTRAST)
    (add_net /Control/CONTROL)
    (add_net "/MP3 Codec/GBUF")
    (add_net "/MP3 Codec/LEFT")
    (add_net "/MP3 Codec/LINE2")
    (add_net "/MP3 Codec/L_OUT")
    (add_net "/MP3 Codec/MICN")
    (add_net "/MP3 Codec/MICP/LINE1")
    (add_net "/MP3 Codec/RIGHT")
    (add_net "/MP3 Codec/R_OUT")
    (add_net AGND)
    (add_net "Net-(C10-Pad1)")
    (add_net "Net-(C12-Pad1)")
    (add_net "Net-(C17-Pad1)")
    (add_net "Net-(C18-Pad1)")
    (add_net "Net-(C19-Pad1)")
    (add_net "Net-(C20-Pad1)")
    (add_net "Net-(C21-Pad1)")
    (add_net "Net-(J17-Pad2)")
    (add_net "Net-(J17-Pad6)")
    (add_net "Net-(J3-Pad2)")
    (add_net "Net-(J4-Pad2)")
    (add_net "Net-(J5-PadRN)")
    (add_net "Net-(J5-PadSN)")
    (add_net "Net-(J5-PadTN)")
    (add_net "Net-(J9-Pad2)")
    (add_net "Net-(U2-Pad15)")
  )

  (net_class D_Signal ""
    (clearance 0.2)
    (trace_width 0.2)
    (via_dia 0.6)
    (via_drill 0.3)
    (uvia_dia 0.3)
    (uvia_drill 0.1)
    (add_net "/Buffer RAM/RAM-CS")
    (add_net "/Buffer RAM/SCK")
    (add_net "/Buffer RAM/SI")
    (add_net "/Buffer RAM/SIO2")
    (add_net "/Buffer RAM/SO")
    (add_net "/Buffer RAM/~HOLD/~SIO3")
    (add_net /Control/D4)
    (add_net /Control/D4_EXT)
    (add_net /Control/D5)
    (add_net /Control/D5_EXT)
    (add_net /Control/D6)
    (add_net /Control/D6_EXT)
    (add_net /Control/D7)
    (add_net /Control/D7_EXT)
    (add_net /Control/EN)
    (add_net /Control/EN_EXT)
    (add_net /Control/RS)
    (add_net /Control/RS_EXT)
    (add_net "/MP3 Codec/DREQ")
    (add_net "/MP3 Codec/GPIO0")
    (add_net "/MP3 Codec/GPIO1")
    (add_net "/MP3 Codec/GPIO2")
    (add_net "/MP3 Codec/GPIO3")
    (add_net "/MP3 Codec/LROUT/GPIO4")
    (add_net "/MP3 Codec/MCLK/GPIO5")
    (add_net "/MP3 Codec/MP3RST")
    (add_net "/MP3 Codec/RX")
    (add_net "/MP3 Codec/SCK")
    (add_net "/MP3 Codec/SCLK/GPIO6")
    (add_net "/MP3 Codec/SDATA/GPIO7")
    (add_net "/MP3 Codec/SI")
    (add_net "/MP3 Codec/SO")
    (add_net "/MP3 Codec/TX")
    (add_net "/MP3 Codec/XCS")
    (add_net "/MP3 Codec/XDCS")
    (add_net "/WROOM Processor/IO0")
    (add_net "/WROOM Processor/IO13")
    (add_net "/WROOM Processor/IO14")
    (add_net "/WROOM Processor/IO15")
    (add_net "/WROOM Processor/IO2")
    (add_net "/WROOM Processor/IO32")
    (add_net "/WROOM Processor/IO33")
    (add_net "/WROOM Processor/IO34")
    (add_net "/WROOM Processor/IO35")
    (add_net "/WROOM Processor/RXDO")
    (add_net "/WROOM Processor/SCK")
    (add_net "/WROOM Processor/SENSOR_VN")
    (add_net "/WROOM Processor/SENSOR_VP")
    (add_net "/WROOM Processor/SI")
    (add_net "/WROOM Processor/SO")
    (add_net "/WROOM Processor/TXD0")
    (add_net "Net-(U5-Pad17)")
    (add_net "Net-(U5-Pad18)")
    (add_net "Net-(U5-Pad19)")
    (add_net "Net-(U5-Pad20)")
    (add_net "Net-(U5-Pad21)")
    (add_net "Net-(U5-Pad22)")
    (add_net "Net-(U5-Pad32)")
  )

  (net_class Power ""
    (clearance 0.2)
    (trace_width 0.508)
    (via_dia 1.524)
    (via_drill 0.762)
    (uvia_dia 0.3)
    (uvia_drill 0.1)
    (add_net +24V)
    (add_net +5V)
  )

  (module irm_pcb:Potentiometer_Trimmer_Bourns_3386F (layer F.Cu) (tedit 5DE6940F) (tstamp 5DE69FAF)
    (at 168.656 49.3395)
    (descr "Potentiometer, horizontally mounted, Omeg PC16PU, Omeg PC16PU, Omeg PC16PU, Vishay/Spectrol 248GJ/249GJ Single, Vishay/Spectrol 248GJ/249GJ Single, Vishay/Spectrol 248GJ/249GJ Single, Vishay/Spectrol 248GH/249GH Single, Vishay/Spectrol 148/149 Single, Vishay/Spectrol 148/149 Single, Vishay/Spectrol 148/149 Single, Vishay/Spectrol 148A/149A Single with mounting plates, Vishay/Spectrol 148/149 Double, Vishay/Spectrol 148A/149A Double with mounting plates, Piher PC-16 Single, Piher PC-16 Single, Piher PC-16 Single, Piher PC-16SV Single, Piher PC-16 Double, Piher PC-16 Triple, Piher T16H Single, Piher T16L Single, Piher T16H Double, Alps RK163 Single, Alps RK163 Double, Alps RK097 Single, Alps RK097 Double, Bourns PTV09A-2 Single with mounting sleve Single, Bourns PTV09A-1 with mounting sleve Single, Bourns PRS11S Single, Alps RK09K Single with mounting sleve Single, Alps RK09K with mounting sleve Single, Alps RK09L Single, Alps RK09L Single, Alps RK09L Double, Alps RK09L Double, Alps RK09Y Single, Bourns 3339S Single, Bourns 3339S Single, Bourns 3339P Single, Bourns 3339H Single, http://www.alps.com/prod/info/E/HTML/Potentiometer/RotaryPotentiometers/RK09Y11/RK09Y11L0001.html")
    (tags "Potentiometer horizontal  Omeg PC16PU  Omeg PC16PU  Omeg PC16PU  Vishay/Spectrol 248GJ/249GJ Single  Vishay/Spectrol 248GJ/249GJ Single  Vishay/Spectrol 248GJ/249GJ Single  Vishay/Spectrol 248GH/249GH Single  Vishay/Spectrol 148/149 Single  Vishay/Spectrol 148/149 Single  Vishay/Spectrol 148/149 Single  Vishay/Spectrol 148A/149A Single with mounting plates  Vishay/Spectrol 148/149 Double  Vishay/Spectrol 148A/149A Double with mounting plates  Piher PC-16 Single  Piher PC-16 Single  Piher PC-16 Single  Piher PC-16SV Single  Piher PC-16 Double  Piher PC-16 Triple  Piher T16H Single  Piher T16L Single  Piher T16H Double  Alps RK163 Single  Alps RK163 Double  Alps RK097 Single  Alps RK097 Double  Bourns PTV09A-2 Single with mounting sleve Single  Bourns PTV09A-1 with mounting sleve Single  Bourns PRS11S Single  Alps RK09K Single with mounting sleve Single  Alps RK09K with mounting sleve Single  Alps RK09L Single  Alps RK09L Single  Alps RK09L Double  Alps RK09L Double  Alps RK09Y Single  Bourns 3339S Single  Bourns 3339S Single  Bourns 3339P Single  Bourns 3339H Single")
    (path /5DE9A5D1/5D31F238)
    (fp_text reference RV1 (at -3.048 6.35) (layer F.SilkS)
      (effects (font (size 1 1) (thickness 0.15)))
    )
    (fp_text value 10K (at 0 -2.4765) (layer F.Fab)
      (effects (font (size 1 1) (thickness 0.15)))
    )
    (fp_line (start -4.7752 7.3152) (end -4.7752 -2.2352) (layer F.SilkS) (width 0.15))
    (fp_line (start 4.7752 7.3152) (end -4.7752 7.3152) (layer F.SilkS) (width 0.15))
    (fp_line (start 4.7752 -2.2352) (end 4.7752 7.3152) (layer F.SilkS) (width 0.15))
    (fp_line (start -4.7752 -2.2352) (end 4.7752 -2.2352) (layer F.SilkS) (width 0.15))
    (fp_line (start -4.7752 7.3152) (end 4.7752 7.3152) (layer F.CrtYd) (width 0.12))
    (fp_line (start -4.7752 -2.2352) (end -4.7752 7.3152) (layer F.CrtYd) (width 0.12))
    (fp_line (start 4.7752 -2.2352) (end 4.7752 7.3152) (layer F.CrtYd) (width 0.12))
    (fp_line (start -4.7752 -2.2352) (end 4.7752 -2.2352) (layer F.CrtYd) (width 0.12))
    (fp_line (start 1.1176 0.9144) (end -0.8636 3.1242) (layer F.Fab) (width 0.12))
    (fp_line (start 0.7366 0.5842) (end -1.2446 2.794) (layer F.Fab) (width 0.12))
    (fp_circle (center -0.0508 1.884605) (end 0.8636 3.129205) (layer F.Fab) (width 0.12))
    (pad 2 thru_hole circle (at 0 5.08) (size 1.524 1.524) (drill 0.635) (layers *.Cu *.Mask)
      (net 78 /Control/CONTRAST))
    (pad 3 thru_hole circle (at 2.54 0) (size 1.524 1.524) (drill 0.635) (layers *.Cu *.Mask)
      (net 14 +5V))
    (pad 1 thru_hole rect (at -2.54 0) (size 1.524 1.524) (drill 0.635) (layers *.Cu *.Mask)
      (net 1 AGND))
    (model Potentiometers.3dshapes/Potentiometer_Trimmer_Bourns_3339H_Horizontal.wrl
      (offset (xyz 0 3.592101946052041 0))
      (scale (xyz 1 1 1))
      (rotate (xyz 0 0 90))
    )
  )

  (module irm_pcb:Screw_Terminal_1x02_Pitch5.00mm (layer F.Cu) (tedit 5DD17E63) (tstamp 5DD04B94)
    (at 90.551 52.1335 90)
    (descr "simple 2-pin terminal block, pitch 5.0mm")
    (tags "terminal block bornier2")
    (path /5DE9A5F4/5DC1BEC8)
    (fp_text reference J16 (at 0 -2.6 90) (layer F.SilkS)
      (effects (font (size 1 1) (thickness 0.15)))
    )
    (fp_text value Screw_Terminal_01x02 (at -0.1 -4.9 90) (layer F.Fab) hide
      (effects (font (size 1 1) (thickness 0.15)))
    )
    (fp_line (start -5 -1.9) (end 5 -1.9) (layer F.SilkS) (width 0.15))
    (fp_line (start -5 -3.5) (end -5 -2.4) (layer F.SilkS) (width 0.15))
    (fp_line (start -5 4) (end -5 -3.5) (layer F.SilkS) (width 0.15))
    (fp_line (start 5 4) (end -5 4) (layer F.SilkS) (width 0.15))
    (fp_line (start 5 -3.5) (end 5 4) (layer F.SilkS) (width 0.15))
    (fp_line (start -5 -3.5) (end 5 -3.5) (layer F.SilkS) (width 0.15))
    (fp_line (start 5 -3.5) (end 5 4) (layer F.CrtYd) (width 0.12))
    (fp_line (start -5 -3.5) (end -5 4) (layer F.CrtYd) (width 0.12))
    (fp_line (start -5 4) (end 5 4) (layer F.CrtYd) (width 0.12))
    (fp_line (start -5 -3.5) (end 5 -3.5) (layer F.CrtYd) (width 0.12))
    (pad 2 thru_hole oval (at 2.5 0.7 90) (size 2.5 4) (drill 1.4) (layers *.Cu *.Mask)
      (net 1 AGND))
    (pad 1 thru_hole rect (at -2.5 0.7 90) (size 2.5 4) (drill oval 1.4) (layers *.Cu *.Mask)
      (net 89 +24V))
    (model ${KISYS3DMOD}/Terminal_Blocks.3dshapes/TerminalBlock_bornier-2_P5.08mm.wrl
      (offset (xyz 2.539999961853027 0 0))
      (scale (xyz 1 1 1))
      (rotate (xyz 0 0 0))
    )
  )

  (module irm_pcb:TSR1-24_TO-220-3_V (layer F.Cu) (tedit 5DD173DB) (tstamp 5DD18A15)
    (at 90.297 73.9775)
    (descr "TO-220-3, Vertical, RM 2.54mm")
    (tags "TO-220-3 Vertical RM 2.54mm")
    (path /5DE9A5F4/5DD1AFAB)
    (fp_text reference U7 (at 2.921 2.413) (layer F.SilkS)
      (effects (font (size 1 1) (thickness 0.15)))
    )
    (fp_text value TSR1-2450 (at 2.286 4.445) (layer F.Fab)
      (effects (font (size 1 1) (thickness 0.15)))
    )
    (fp_circle (center -1.524 1.3208) (end -1.2446 1.7018) (layer F.SilkS) (width 0.15))
    (fp_line (start -3.2004 5.461) (end -3.2004 -1.9304) (layer F.SilkS) (width 0.15))
    (fp_line (start 8.3058 5.4864) (end -3.2004 5.461) (layer F.SilkS) (width 0.15))
    (fp_line (start 8.2804 -1.9304) (end 8.3058 5.4864) (layer F.SilkS) (width 0.15))
    (fp_line (start -3.175 -1.9304) (end 8.2804 -1.9304) (layer F.SilkS) (width 0.15))
    (fp_line (start -3.2258 5.5118) (end -3.2258 -1.9558) (layer F.Fab) (width 0.12))
    (fp_line (start 8.3058 5.5118) (end -3.2258 5.5118) (layer F.Fab) (width 0.12))
    (fp_line (start 8.3058 -1.9558) (end 8.3058 5.5118) (layer F.Fab) (width 0.12))
    (fp_line (start -3.2258 -1.9558) (end 8.3058 -1.9558) (layer F.Fab) (width 0.12))
    (fp_line (start -3.302 5.588) (end 8.382 5.588) (layer F.CrtYd) (width 0.05))
    (fp_line (start 8.382 5.588) (end 8.382 -2.032) (layer F.CrtYd) (width 0.05))
    (fp_text user %R (at 0 2.413) (layer F.Fab)
      (effects (font (size 1 1) (thickness 0.15)))
    )
    (fp_line (start -3.302 5.588) (end -3.302 -2.032) (layer F.CrtYd) (width 0.05))
    (fp_line (start -3.302 -2.032) (end 8.382 -2.032) (layer F.CrtYd) (width 0.05))
    (pad 1 thru_hole rect (at 0 0) (size 1.8 1.8) (drill 0.762) (layers *.Cu *.Mask)
      (net 89 +24V))
    (pad 2 thru_hole oval (at 2.54 0) (size 1.8 1.8) (drill 0.762) (layers *.Cu *.Mask)
      (net 1 AGND))
    (pad 3 thru_hole oval (at 5.08 0) (size 1.8 1.8) (drill 0.762) (layers *.Cu *.Mask)
      (net 14 +5V))
    (model ${KISYS3DMOD}/TO_SOT_Packages_THT.3dshapes/TO-220-3_Vertical.wrl
      (offset (xyz 2.539999961853027 0 0))
      (scale (xyz 0.393701 0.393701 0.393701))
      (rotate (xyz 0 0 0))
    )
  )

  (module Capacitors_Tantalum_SMD:CP_Tantalum_Case-D_EIA-7343-31_Hand (layer F.Cu) (tedit 58CC8C08) (tstamp 5DD0486C)
    (at 138.811 99.5395 270)
    (descr "Tantalum capacitor, Case D, EIA 7343-31, 7.3x4.3x2.8mm, Hand soldering footprint")
    (tags "capacitor tantalum smd")
    (path /5DCC2CF1/5DD30D1D)
    (attr smd)
    (fp_text reference C1 (at 0 -3.9 90) (layer F.SilkS)
      (effects (font (size 1 1) (thickness 0.15)))
    )
    (fp_text value 10u (at 0 3.9 90) (layer F.Fab)
      (effects (font (size 1 1) (thickness 0.15)))
    )
    (fp_line (start -5.95 -2.4) (end -5.95 2.4) (layer F.SilkS) (width 0.12))
    (fp_line (start -5.95 2.4) (end 3.65 2.4) (layer F.SilkS) (width 0.12))
    (fp_line (start -5.95 -2.4) (end 3.65 -2.4) (layer F.SilkS) (width 0.12))
    (fp_line (start -2.555 -2.15) (end -2.555 2.15) (layer F.Fab) (width 0.1))
    (fp_line (start -2.92 -2.15) (end -2.92 2.15) (layer F.Fab) (width 0.1))
    (fp_line (start 3.65 -2.15) (end -3.65 -2.15) (layer F.Fab) (width 0.1))
    (fp_line (start 3.65 2.15) (end 3.65 -2.15) (layer F.Fab) (width 0.1))
    (fp_line (start -3.65 2.15) (end 3.65 2.15) (layer F.Fab) (width 0.1))
    (fp_line (start -3.65 -2.15) (end -3.65 2.15) (layer F.Fab) (width 0.1))
    (fp_line (start 6.05 -2.5) (end -6.05 -2.5) (layer F.CrtYd) (width 0.05))
    (fp_line (start 6.05 2.5) (end 6.05 -2.5) (layer F.CrtYd) (width 0.05))
    (fp_line (start -6.05 2.5) (end 6.05 2.5) (layer F.CrtYd) (width 0.05))
    (fp_line (start -6.05 -2.5) (end -6.05 2.5) (layer F.CrtYd) (width 0.05))
    (fp_text user %R (at 0 0 90) (layer F.Fab)
      (effects (font (size 1 1) (thickness 0.15)))
    )
    (pad 2 smd rect (at 3.775 0 270) (size 3.75 2.7) (layers F.Cu F.Paste F.Mask)
      (net 1 AGND))
    (pad 1 smd rect (at -3.775 0 270) (size 3.75 2.7) (layers F.Cu F.Paste F.Mask)
      (net 2 +1.8V))
    (model Capacitors_Tantalum_SMD.3dshapes/CP_Tantalum_Case-D_EIA-7343-31.wrl
      (at (xyz 0 0 0))
      (scale (xyz 1 1 1))
      (rotate (xyz 0 0 0))
    )
  )

  (module Capacitors_Tantalum_SMD:CP_Tantalum_Case-D_EIA-7343-31_Hand (layer F.Cu) (tedit 58CC8C08) (tstamp 5DD04880)
    (at 148.047 105.4735 180)
    (descr "Tantalum capacitor, Case D, EIA 7343-31, 7.3x4.3x2.8mm, Hand soldering footprint")
    (tags "capacitor tantalum smd")
    (path /5DCC2CF1/5DD30D17)
    (attr smd)
    (fp_text reference C2 (at 0 -3.9) (layer F.SilkS)
      (effects (font (size 1 1) (thickness 0.15)))
    )
    (fp_text value 10u (at 0 3.9) (layer F.Fab)
      (effects (font (size 1 1) (thickness 0.15)))
    )
    (fp_text user %R (at 0 0) (layer F.Fab)
      (effects (font (size 1 1) (thickness 0.15)))
    )
    (fp_line (start -6.05 -2.5) (end -6.05 2.5) (layer F.CrtYd) (width 0.05))
    (fp_line (start -6.05 2.5) (end 6.05 2.5) (layer F.CrtYd) (width 0.05))
    (fp_line (start 6.05 2.5) (end 6.05 -2.5) (layer F.CrtYd) (width 0.05))
    (fp_line (start 6.05 -2.5) (end -6.05 -2.5) (layer F.CrtYd) (width 0.05))
    (fp_line (start -3.65 -2.15) (end -3.65 2.15) (layer F.Fab) (width 0.1))
    (fp_line (start -3.65 2.15) (end 3.65 2.15) (layer F.Fab) (width 0.1))
    (fp_line (start 3.65 2.15) (end 3.65 -2.15) (layer F.Fab) (width 0.1))
    (fp_line (start 3.65 -2.15) (end -3.65 -2.15) (layer F.Fab) (width 0.1))
    (fp_line (start -2.92 -2.15) (end -2.92 2.15) (layer F.Fab) (width 0.1))
    (fp_line (start -2.555 -2.15) (end -2.555 2.15) (layer F.Fab) (width 0.1))
    (fp_line (start -5.95 -2.4) (end 3.65 -2.4) (layer F.SilkS) (width 0.12))
    (fp_line (start -5.95 2.4) (end 3.65 2.4) (layer F.SilkS) (width 0.12))
    (fp_line (start -5.95 -2.4) (end -5.95 2.4) (layer F.SilkS) (width 0.12))
    (pad 1 smd rect (at -3.775 0 180) (size 3.75 2.7) (layers F.Cu F.Paste F.Mask)
      (net 3 +3V3))
    (pad 2 smd rect (at 3.775 0 180) (size 3.75 2.7) (layers F.Cu F.Paste F.Mask)
      (net 1 AGND))
    (model Capacitors_Tantalum_SMD.3dshapes/CP_Tantalum_Case-D_EIA-7343-31.wrl
      (at (xyz 0 0 0))
      (scale (xyz 1 1 1))
      (rotate (xyz 0 0 0))
    )
  )

  (module Capacitors_SMD:C_0805_HandSoldering (layer F.Cu) (tedit 58AA84A8) (tstamp 5DD04891)
    (at 114.173 95.0795 90)
    (descr "Capacitor SMD 0805, hand soldering")
    (tags "capacitor 0805")
    (path /5DCC2CF1/5DD30DCE)
    (attr smd)
    (fp_text reference C3 (at 0 -1.75 90) (layer F.SilkS)
      (effects (font (size 1 1) (thickness 0.15)))
    )
    (fp_text value 100n (at 0 1.75 90) (layer F.Fab)
      (effects (font (size 1 1) (thickness 0.15)))
    )
    (fp_line (start 2.25 0.87) (end -2.25 0.87) (layer F.CrtYd) (width 0.05))
    (fp_line (start 2.25 0.87) (end 2.25 -0.88) (layer F.CrtYd) (width 0.05))
    (fp_line (start -2.25 -0.88) (end -2.25 0.87) (layer F.CrtYd) (width 0.05))
    (fp_line (start -2.25 -0.88) (end 2.25 -0.88) (layer F.CrtYd) (width 0.05))
    (fp_line (start -0.5 0.85) (end 0.5 0.85) (layer F.SilkS) (width 0.12))
    (fp_line (start 0.5 -0.85) (end -0.5 -0.85) (layer F.SilkS) (width 0.12))
    (fp_line (start -1 -0.62) (end 1 -0.62) (layer F.Fab) (width 0.1))
    (fp_line (start 1 -0.62) (end 1 0.62) (layer F.Fab) (width 0.1))
    (fp_line (start 1 0.62) (end -1 0.62) (layer F.Fab) (width 0.1))
    (fp_line (start -1 0.62) (end -1 -0.62) (layer F.Fab) (width 0.1))
    (fp_text user %R (at 0 -1.75 90) (layer F.Fab)
      (effects (font (size 1 1) (thickness 0.15)))
    )
    (pad 2 smd rect (at 1.25 0 90) (size 1.5 1.25) (layers F.Cu F.Paste F.Mask)
      (net 1 AGND))
    (pad 1 smd rect (at -1.25 0 90) (size 1.5 1.25) (layers F.Cu F.Paste F.Mask)
      (net 2 +1.8V))
    (model Capacitors_SMD.3dshapes/C_0805.wrl
      (at (xyz 0 0 0))
      (scale (xyz 1 1 1))
      (rotate (xyz 0 0 0))
    )
  )

  (module Capacitors_SMD:C_0805_HandSoldering (layer F.Cu) (tedit 58AA84A8) (tstamp 5DD048A2)
    (at 121.813 102.6795)
    (descr "Capacitor SMD 0805, hand soldering")
    (tags "capacitor 0805")
    (path /5DCC2CF1/5DD30EB2)
    (attr smd)
    (fp_text reference C4 (at 0 -1.75) (layer F.SilkS)
      (effects (font (size 1 1) (thickness 0.15)))
    )
    (fp_text value 100n (at 0 1.75) (layer F.Fab)
      (effects (font (size 1 1) (thickness 0.15)))
    )
    (fp_text user %R (at 0 -1.75) (layer F.Fab)
      (effects (font (size 1 1) (thickness 0.15)))
    )
    (fp_line (start -1 0.62) (end -1 -0.62) (layer F.Fab) (width 0.1))
    (fp_line (start 1 0.62) (end -1 0.62) (layer F.Fab) (width 0.1))
    (fp_line (start 1 -0.62) (end 1 0.62) (layer F.Fab) (width 0.1))
    (fp_line (start -1 -0.62) (end 1 -0.62) (layer F.Fab) (width 0.1))
    (fp_line (start 0.5 -0.85) (end -0.5 -0.85) (layer F.SilkS) (width 0.12))
    (fp_line (start -0.5 0.85) (end 0.5 0.85) (layer F.SilkS) (width 0.12))
    (fp_line (start -2.25 -0.88) (end 2.25 -0.88) (layer F.CrtYd) (width 0.05))
    (fp_line (start -2.25 -0.88) (end -2.25 0.87) (layer F.CrtYd) (width 0.05))
    (fp_line (start 2.25 0.87) (end 2.25 -0.88) (layer F.CrtYd) (width 0.05))
    (fp_line (start 2.25 0.87) (end -2.25 0.87) (layer F.CrtYd) (width 0.05))
    (pad 1 smd rect (at -1.25 0) (size 1.5 1.25) (layers F.Cu F.Paste F.Mask)
      (net 3 +3V3))
    (pad 2 smd rect (at 1.25 0) (size 1.5 1.25) (layers F.Cu F.Paste F.Mask)
      (net 1 AGND))
    (model Capacitors_SMD.3dshapes/C_0805.wrl
      (at (xyz 0 0 0))
      (scale (xyz 1 1 1))
      (rotate (xyz 0 0 0))
    )
  )

  (module Capacitors_SMD:C_0805_HandSoldering (layer F.Cu) (tedit 58AA84A8) (tstamp 5DD048B3)
    (at 122.047 100.0125)
    (descr "Capacitor SMD 0805, hand soldering")
    (tags "capacitor 0805")
    (path /5DCC2CF1/5DD30DD4)
    (attr smd)
    (fp_text reference C5 (at 0 -1.75) (layer F.SilkS)
      (effects (font (size 1 1) (thickness 0.15)))
    )
    (fp_text value 100n (at 0 1.75) (layer F.Fab)
      (effects (font (size 1 1) (thickness 0.15)))
    )
    (fp_line (start 2.25 0.87) (end -2.25 0.87) (layer F.CrtYd) (width 0.05))
    (fp_line (start 2.25 0.87) (end 2.25 -0.88) (layer F.CrtYd) (width 0.05))
    (fp_line (start -2.25 -0.88) (end -2.25 0.87) (layer F.CrtYd) (width 0.05))
    (fp_line (start -2.25 -0.88) (end 2.25 -0.88) (layer F.CrtYd) (width 0.05))
    (fp_line (start -0.5 0.85) (end 0.5 0.85) (layer F.SilkS) (width 0.12))
    (fp_line (start 0.5 -0.85) (end -0.5 -0.85) (layer F.SilkS) (width 0.12))
    (fp_line (start -1 -0.62) (end 1 -0.62) (layer F.Fab) (width 0.1))
    (fp_line (start 1 -0.62) (end 1 0.62) (layer F.Fab) (width 0.1))
    (fp_line (start 1 0.62) (end -1 0.62) (layer F.Fab) (width 0.1))
    (fp_line (start -1 0.62) (end -1 -0.62) (layer F.Fab) (width 0.1))
    (fp_text user %R (at 0 -1.75) (layer F.Fab)
      (effects (font (size 1 1) (thickness 0.15)))
    )
    (pad 2 smd rect (at 1.25 0) (size 1.5 1.25) (layers F.Cu F.Paste F.Mask)
      (net 1 AGND))
    (pad 1 smd rect (at -1.25 0) (size 1.5 1.25) (layers F.Cu F.Paste F.Mask)
      (net 2 +1.8V))
    (model Capacitors_SMD.3dshapes/C_0805.wrl
      (at (xyz 0 0 0))
      (scale (xyz 1 1 1))
      (rotate (xyz 0 0 0))
    )
  )

  (module Capacitors_SMD:C_0805_HandSoldering (layer F.Cu) (tedit 58AA84A8) (tstamp 5DD048C4)
    (at 121.793 105.2195)
    (descr "Capacitor SMD 0805, hand soldering")
    (tags "capacitor 0805")
    (path /5DCC2CF1/5DD30EB8)
    (attr smd)
    (fp_text reference C6 (at 0 -1.75) (layer F.SilkS)
      (effects (font (size 1 1) (thickness 0.15)))
    )
    (fp_text value 100n (at 0 1.75) (layer F.Fab)
      (effects (font (size 1 1) (thickness 0.15)))
    )
    (fp_line (start 2.25 0.87) (end -2.25 0.87) (layer F.CrtYd) (width 0.05))
    (fp_line (start 2.25 0.87) (end 2.25 -0.88) (layer F.CrtYd) (width 0.05))
    (fp_line (start -2.25 -0.88) (end -2.25 0.87) (layer F.CrtYd) (width 0.05))
    (fp_line (start -2.25 -0.88) (end 2.25 -0.88) (layer F.CrtYd) (width 0.05))
    (fp_line (start -0.5 0.85) (end 0.5 0.85) (layer F.SilkS) (width 0.12))
    (fp_line (start 0.5 -0.85) (end -0.5 -0.85) (layer F.SilkS) (width 0.12))
    (fp_line (start -1 -0.62) (end 1 -0.62) (layer F.Fab) (width 0.1))
    (fp_line (start 1 -0.62) (end 1 0.62) (layer F.Fab) (width 0.1))
    (fp_line (start 1 0.62) (end -1 0.62) (layer F.Fab) (width 0.1))
    (fp_line (start -1 0.62) (end -1 -0.62) (layer F.Fab) (width 0.1))
    (fp_text user %R (at 0 -1.75) (layer F.Fab)
      (effects (font (size 1 1) (thickness 0.15)))
    )
    (pad 2 smd rect (at 1.25 0) (size 1.5 1.25) (layers F.Cu F.Paste F.Mask)
      (net 1 AGND))
    (pad 1 smd rect (at -1.25 0) (size 1.5 1.25) (layers F.Cu F.Paste F.Mask)
      (net 3 +3V3))
    (model Capacitors_SMD.3dshapes/C_0805.wrl
      (at (xyz 0 0 0))
      (scale (xyz 1 1 1))
      (rotate (xyz 0 0 0))
    )
  )

  (module Capacitors_SMD:C_0805_HandSoldering (layer F.Cu) (tedit 58AA84A8) (tstamp 5DD048D5)
    (at 108.859 111.5695 180)
    (descr "Capacitor SMD 0805, hand soldering")
    (tags "capacitor 0805")
    (path /5DCC2CF1/5DD30C62)
    (attr smd)
    (fp_text reference C7 (at 0 -1.75) (layer F.SilkS)
      (effects (font (size 1 1) (thickness 0.15)))
    )
    (fp_text value 100n (at 0 1.75) (layer F.Fab)
      (effects (font (size 1 1) (thickness 0.15)))
    )
    (fp_line (start 2.25 0.87) (end -2.25 0.87) (layer F.CrtYd) (width 0.05))
    (fp_line (start 2.25 0.87) (end 2.25 -0.88) (layer F.CrtYd) (width 0.05))
    (fp_line (start -2.25 -0.88) (end -2.25 0.87) (layer F.CrtYd) (width 0.05))
    (fp_line (start -2.25 -0.88) (end 2.25 -0.88) (layer F.CrtYd) (width 0.05))
    (fp_line (start -0.5 0.85) (end 0.5 0.85) (layer F.SilkS) (width 0.12))
    (fp_line (start 0.5 -0.85) (end -0.5 -0.85) (layer F.SilkS) (width 0.12))
    (fp_line (start -1 -0.62) (end 1 -0.62) (layer F.Fab) (width 0.1))
    (fp_line (start 1 -0.62) (end 1 0.62) (layer F.Fab) (width 0.1))
    (fp_line (start 1 0.62) (end -1 0.62) (layer F.Fab) (width 0.1))
    (fp_line (start -1 0.62) (end -1 -0.62) (layer F.Fab) (width 0.1))
    (fp_text user %R (at 0 -1.75) (layer F.Fab)
      (effects (font (size 1 1) (thickness 0.15)))
    )
    (pad 2 smd rect (at 1.25 0 180) (size 1.5 1.25) (layers F.Cu F.Paste F.Mask)
      (net 1 AGND))
    (pad 1 smd rect (at -1.25 0 180) (size 1.5 1.25) (layers F.Cu F.Paste F.Mask)
      (net 4 "/MP3 Codec/MP3RST"))
    (model Capacitors_SMD.3dshapes/C_0805.wrl
      (at (xyz 0 0 0))
      (scale (xyz 1 1 1))
      (rotate (xyz 0 0 0))
    )
  )

  (module Capacitors_SMD:C_0805_HandSoldering (layer F.Cu) (tedit 58AA84A8) (tstamp 5DD048E6)
    (at 116.078 110.7875 270)
    (descr "Capacitor SMD 0805, hand soldering")
    (tags "capacitor 0805")
    (path /5DCC2CF1/5DD30DDA)
    (attr smd)
    (fp_text reference C8 (at 0 -1.75 90) (layer F.SilkS)
      (effects (font (size 1 1) (thickness 0.15)))
    )
    (fp_text value 100n (at 0 1.75 90) (layer F.Fab)
      (effects (font (size 1 1) (thickness 0.15)))
    )
    (fp_text user %R (at 0 -1.75 90) (layer F.Fab)
      (effects (font (size 1 1) (thickness 0.15)))
    )
    (fp_line (start -1 0.62) (end -1 -0.62) (layer F.Fab) (width 0.1))
    (fp_line (start 1 0.62) (end -1 0.62) (layer F.Fab) (width 0.1))
    (fp_line (start 1 -0.62) (end 1 0.62) (layer F.Fab) (width 0.1))
    (fp_line (start -1 -0.62) (end 1 -0.62) (layer F.Fab) (width 0.1))
    (fp_line (start 0.5 -0.85) (end -0.5 -0.85) (layer F.SilkS) (width 0.12))
    (fp_line (start -0.5 0.85) (end 0.5 0.85) (layer F.SilkS) (width 0.12))
    (fp_line (start -2.25 -0.88) (end 2.25 -0.88) (layer F.CrtYd) (width 0.05))
    (fp_line (start -2.25 -0.88) (end -2.25 0.87) (layer F.CrtYd) (width 0.05))
    (fp_line (start 2.25 0.87) (end 2.25 -0.88) (layer F.CrtYd) (width 0.05))
    (fp_line (start 2.25 0.87) (end -2.25 0.87) (layer F.CrtYd) (width 0.05))
    (pad 1 smd rect (at -1.25 0 270) (size 1.5 1.25) (layers F.Cu F.Paste F.Mask)
      (net 2 +1.8V))
    (pad 2 smd rect (at 1.25 0 270) (size 1.5 1.25) (layers F.Cu F.Paste F.Mask)
      (net 1 AGND))
    (model Capacitors_SMD.3dshapes/C_0805.wrl
      (at (xyz 0 0 0))
      (scale (xyz 1 1 1))
      (rotate (xyz 0 0 0))
    )
  )

  (module Capacitors_SMD:C_0805_HandSoldering (layer F.Cu) (tedit 58AA84A8) (tstamp 5DD048F7)
    (at 114.173 110.7875 270)
    (descr "Capacitor SMD 0805, hand soldering")
    (tags "capacitor 0805")
    (path /5DCC2CF1/5DD30EBE)
    (attr smd)
    (fp_text reference C9 (at 0 -1.75 90) (layer F.SilkS)
      (effects (font (size 1 1) (thickness 0.15)))
    )
    (fp_text value 100n (at 0 1.75 90) (layer F.Fab)
      (effects (font (size 1 1) (thickness 0.15)))
    )
    (fp_text user %R (at 0 -1.75 90) (layer F.Fab)
      (effects (font (size 1 1) (thickness 0.15)))
    )
    (fp_line (start -1 0.62) (end -1 -0.62) (layer F.Fab) (width 0.1))
    (fp_line (start 1 0.62) (end -1 0.62) (layer F.Fab) (width 0.1))
    (fp_line (start 1 -0.62) (end 1 0.62) (layer F.Fab) (width 0.1))
    (fp_line (start -1 -0.62) (end 1 -0.62) (layer F.Fab) (width 0.1))
    (fp_line (start 0.5 -0.85) (end -0.5 -0.85) (layer F.SilkS) (width 0.12))
    (fp_line (start -0.5 0.85) (end 0.5 0.85) (layer F.SilkS) (width 0.12))
    (fp_line (start -2.25 -0.88) (end 2.25 -0.88) (layer F.CrtYd) (width 0.05))
    (fp_line (start -2.25 -0.88) (end -2.25 0.87) (layer F.CrtYd) (width 0.05))
    (fp_line (start 2.25 0.87) (end 2.25 -0.88) (layer F.CrtYd) (width 0.05))
    (fp_line (start 2.25 0.87) (end -2.25 0.87) (layer F.CrtYd) (width 0.05))
    (pad 1 smd rect (at -1.25 0 270) (size 1.5 1.25) (layers F.Cu F.Paste F.Mask)
      (net 3 +3V3))
    (pad 2 smd rect (at 1.25 0 270) (size 1.5 1.25) (layers F.Cu F.Paste F.Mask)
      (net 1 AGND))
    (model Capacitors_SMD.3dshapes/C_0805.wrl
      (at (xyz 0 0 0))
      (scale (xyz 1 1 1))
      (rotate (xyz 0 0 0))
    )
  )

  (module Capacitors_SMD:C_0805_HandSoldering (layer F.Cu) (tedit 58AA84A8) (tstamp 5DD04908)
    (at 132.334 108.6485 270)
    (descr "Capacitor SMD 0805, hand soldering")
    (tags "capacitor 0805")
    (path /5DCC2CF1/5DD30D37)
    (attr smd)
    (fp_text reference C10 (at 0 -1.75 90) (layer F.SilkS)
      (effects (font (size 1 1) (thickness 0.15)))
    )
    (fp_text value 22p (at 0 1.75 90) (layer F.Fab)
      (effects (font (size 1 1) (thickness 0.15)))
    )
    (fp_text user %R (at 0 -1.75 90) (layer F.Fab)
      (effects (font (size 1 1) (thickness 0.15)))
    )
    (fp_line (start -1 0.62) (end -1 -0.62) (layer F.Fab) (width 0.1))
    (fp_line (start 1 0.62) (end -1 0.62) (layer F.Fab) (width 0.1))
    (fp_line (start 1 -0.62) (end 1 0.62) (layer F.Fab) (width 0.1))
    (fp_line (start -1 -0.62) (end 1 -0.62) (layer F.Fab) (width 0.1))
    (fp_line (start 0.5 -0.85) (end -0.5 -0.85) (layer F.SilkS) (width 0.12))
    (fp_line (start -0.5 0.85) (end 0.5 0.85) (layer F.SilkS) (width 0.12))
    (fp_line (start -2.25 -0.88) (end 2.25 -0.88) (layer F.CrtYd) (width 0.05))
    (fp_line (start -2.25 -0.88) (end -2.25 0.87) (layer F.CrtYd) (width 0.05))
    (fp_line (start 2.25 0.87) (end 2.25 -0.88) (layer F.CrtYd) (width 0.05))
    (fp_line (start 2.25 0.87) (end -2.25 0.87) (layer F.CrtYd) (width 0.05))
    (pad 1 smd rect (at -1.25 0 270) (size 1.5 1.25) (layers F.Cu F.Paste F.Mask)
      (net 5 "Net-(C10-Pad1)"))
    (pad 2 smd rect (at 1.25 0 270) (size 1.5 1.25) (layers F.Cu F.Paste F.Mask)
      (net 1 AGND))
    (model Capacitors_SMD.3dshapes/C_0805.wrl
      (at (xyz 0 0 0))
      (scale (xyz 1 1 1))
      (rotate (xyz 0 0 0))
    )
  )

  (module Capacitors_SMD:C_0805_HandSoldering (layer F.Cu) (tedit 58AA84A8) (tstamp 5DD04919)
    (at 112.268 110.8075 270)
    (descr "Capacitor SMD 0805, hand soldering")
    (tags "capacitor 0805")
    (path /5DCC2CF1/5DD30DE0)
    (attr smd)
    (fp_text reference C11 (at 0 1.651 90) (layer F.SilkS)
      (effects (font (size 1 1) (thickness 0.15)))
    )
    (fp_text value 100n (at 0 1.75 90) (layer F.Fab)
      (effects (font (size 1 1) (thickness 0.15)))
    )
    (fp_text user %R (at 0 -1.75 90) (layer F.Fab)
      (effects (font (size 1 1) (thickness 0.15)))
    )
    (fp_line (start -1 0.62) (end -1 -0.62) (layer F.Fab) (width 0.1))
    (fp_line (start 1 0.62) (end -1 0.62) (layer F.Fab) (width 0.1))
    (fp_line (start 1 -0.62) (end 1 0.62) (layer F.Fab) (width 0.1))
    (fp_line (start -1 -0.62) (end 1 -0.62) (layer F.Fab) (width 0.1))
    (fp_line (start 0.5 -0.85) (end -0.5 -0.85) (layer F.SilkS) (width 0.12))
    (fp_line (start -0.5 0.85) (end 0.5 0.85) (layer F.SilkS) (width 0.12))
    (fp_line (start -2.25 -0.88) (end 2.25 -0.88) (layer F.CrtYd) (width 0.05))
    (fp_line (start -2.25 -0.88) (end -2.25 0.87) (layer F.CrtYd) (width 0.05))
    (fp_line (start 2.25 0.87) (end 2.25 -0.88) (layer F.CrtYd) (width 0.05))
    (fp_line (start 2.25 0.87) (end -2.25 0.87) (layer F.CrtYd) (width 0.05))
    (pad 1 smd rect (at -1.25 0 270) (size 1.5 1.25) (layers F.Cu F.Paste F.Mask)
      (net 2 +1.8V))
    (pad 2 smd rect (at 1.25 0 270) (size 1.5 1.25) (layers F.Cu F.Paste F.Mask)
      (net 1 AGND))
    (model Capacitors_SMD.3dshapes/C_0805.wrl
      (at (xyz 0 0 0))
      (scale (xyz 1 1 1))
      (rotate (xyz 0 0 0))
    )
  )

  (module Capacitors_SMD:C_0805_HandSoldering (layer F.Cu) (tedit 58AA84A8) (tstamp 5DD0492A)
    (at 132.334 98.8495 90)
    (descr "Capacitor SMD 0805, hand soldering")
    (tags "capacitor 0805")
    (path /5DCC2CF1/5DD30D3D)
    (attr smd)
    (fp_text reference C12 (at 0 -1.75 90) (layer F.SilkS)
      (effects (font (size 1 1) (thickness 0.15)))
    )
    (fp_text value 22p (at 0 1.75 90) (layer F.Fab)
      (effects (font (size 1 1) (thickness 0.15)))
    )
    (fp_line (start 2.25 0.87) (end -2.25 0.87) (layer F.CrtYd) (width 0.05))
    (fp_line (start 2.25 0.87) (end 2.25 -0.88) (layer F.CrtYd) (width 0.05))
    (fp_line (start -2.25 -0.88) (end -2.25 0.87) (layer F.CrtYd) (width 0.05))
    (fp_line (start -2.25 -0.88) (end 2.25 -0.88) (layer F.CrtYd) (width 0.05))
    (fp_line (start -0.5 0.85) (end 0.5 0.85) (layer F.SilkS) (width 0.12))
    (fp_line (start 0.5 -0.85) (end -0.5 -0.85) (layer F.SilkS) (width 0.12))
    (fp_line (start -1 -0.62) (end 1 -0.62) (layer F.Fab) (width 0.1))
    (fp_line (start 1 -0.62) (end 1 0.62) (layer F.Fab) (width 0.1))
    (fp_line (start 1 0.62) (end -1 0.62) (layer F.Fab) (width 0.1))
    (fp_line (start -1 0.62) (end -1 -0.62) (layer F.Fab) (width 0.1))
    (fp_text user %R (at 0 -1.75 90) (layer F.Fab)
      (effects (font (size 1 1) (thickness 0.15)))
    )
    (pad 2 smd rect (at 1.25 0 90) (size 1.5 1.25) (layers F.Cu F.Paste F.Mask)
      (net 1 AGND))
    (pad 1 smd rect (at -1.25 0 90) (size 1.5 1.25) (layers F.Cu F.Paste F.Mask)
      (net 6 "Net-(C12-Pad1)"))
    (model Capacitors_SMD.3dshapes/C_0805.wrl
      (at (xyz 0 0 0))
      (scale (xyz 1 1 1))
      (rotate (xyz 0 0 0))
    )
  )

  (module Capacitors_SMD:C_0805_HandSoldering (layer F.Cu) (tedit 58AA84A8) (tstamp 5DD0493B)
    (at 104.775 101.0285 180)
    (descr "Capacitor SMD 0805, hand soldering")
    (tags "capacitor 0805")
    (path /5DCC2CF1/5DD30F54)
    (attr smd)
    (fp_text reference C13 (at 0 -1.75) (layer F.SilkS)
      (effects (font (size 1 1) (thickness 0.15)))
    )
    (fp_text value 10u (at 0 1.75) (layer F.Fab)
      (effects (font (size 1 1) (thickness 0.15)))
    )
    (fp_line (start 2.25 0.87) (end -2.25 0.87) (layer F.CrtYd) (width 0.05))
    (fp_line (start 2.25 0.87) (end 2.25 -0.88) (layer F.CrtYd) (width 0.05))
    (fp_line (start -2.25 -0.88) (end -2.25 0.87) (layer F.CrtYd) (width 0.05))
    (fp_line (start -2.25 -0.88) (end 2.25 -0.88) (layer F.CrtYd) (width 0.05))
    (fp_line (start -0.5 0.85) (end 0.5 0.85) (layer F.SilkS) (width 0.12))
    (fp_line (start 0.5 -0.85) (end -0.5 -0.85) (layer F.SilkS) (width 0.12))
    (fp_line (start -1 -0.62) (end 1 -0.62) (layer F.Fab) (width 0.1))
    (fp_line (start 1 -0.62) (end 1 0.62) (layer F.Fab) (width 0.1))
    (fp_line (start 1 0.62) (end -1 0.62) (layer F.Fab) (width 0.1))
    (fp_line (start -1 0.62) (end -1 -0.62) (layer F.Fab) (width 0.1))
    (fp_text user %R (at 0 -1.75) (layer F.Fab)
      (effects (font (size 1 1) (thickness 0.15)))
    )
    (pad 2 smd rect (at 1.25 0 180) (size 1.5 1.25) (layers F.Cu F.Paste F.Mask)
      (net 1 AGND))
    (pad 1 smd rect (at -1.25 0 180) (size 1.5 1.25) (layers F.Cu F.Paste F.Mask)
      (net 3 +3V3))
    (model Capacitors_SMD.3dshapes/C_0805.wrl
      (at (xyz 0 0 0))
      (scale (xyz 1 1 1))
      (rotate (xyz 0 0 0))
    )
  )

  (module Capacitors_SMD:C_0805_HandSoldering (layer F.Cu) (tedit 58AA84A8) (tstamp 5DD0494C)
    (at 104.755 103.3145 180)
    (descr "Capacitor SMD 0805, hand soldering")
    (tags "capacitor 0805")
    (path /5DCC2CF1/5DD30E8A)
    (attr smd)
    (fp_text reference C14 (at 0 -1.75) (layer F.SilkS)
      (effects (font (size 1 1) (thickness 0.15)))
    )
    (fp_text value 100n (at 0 1.75) (layer F.Fab)
      (effects (font (size 1 1) (thickness 0.15)))
    )
    (fp_line (start 2.25 0.87) (end -2.25 0.87) (layer F.CrtYd) (width 0.05))
    (fp_line (start 2.25 0.87) (end 2.25 -0.88) (layer F.CrtYd) (width 0.05))
    (fp_line (start -2.25 -0.88) (end -2.25 0.87) (layer F.CrtYd) (width 0.05))
    (fp_line (start -2.25 -0.88) (end 2.25 -0.88) (layer F.CrtYd) (width 0.05))
    (fp_line (start -0.5 0.85) (end 0.5 0.85) (layer F.SilkS) (width 0.12))
    (fp_line (start 0.5 -0.85) (end -0.5 -0.85) (layer F.SilkS) (width 0.12))
    (fp_line (start -1 -0.62) (end 1 -0.62) (layer F.Fab) (width 0.1))
    (fp_line (start 1 -0.62) (end 1 0.62) (layer F.Fab) (width 0.1))
    (fp_line (start 1 0.62) (end -1 0.62) (layer F.Fab) (width 0.1))
    (fp_line (start -1 0.62) (end -1 -0.62) (layer F.Fab) (width 0.1))
    (fp_text user %R (at 0 -1.75) (layer F.Fab)
      (effects (font (size 1 1) (thickness 0.15)))
    )
    (pad 2 smd rect (at 1.25 0 180) (size 1.5 1.25) (layers F.Cu F.Paste F.Mask)
      (net 1 AGND))
    (pad 1 smd rect (at -1.25 0 180) (size 1.5 1.25) (layers F.Cu F.Paste F.Mask)
      (net 3 +3V3))
    (model Capacitors_SMD.3dshapes/C_0805.wrl
      (at (xyz 0 0 0))
      (scale (xyz 1 1 1))
      (rotate (xyz 0 0 0))
    )
  )

